10 0.0226808
11 0.0207975
12 0.0192025
13 0.0178345
14 0.0166482
15 0.0156098
16 0.0146932
17 0.0138782
18 0.0131488
19 0.0124922
20 0.011898
21 0.0113578
22 0.0108644
23 0.0104122
24 0.00999601
25 0.00961184
26 0.00925609
27 0.00892573
28 0.00861813
29 0.00833102
30 0.00806242
31 0.00781059
32 0.00757402
33 0.00735135
34 0.0071414
35 0.00694311
36 0.00675552
37 0.00657781
38 0.0064092
39 0.00624902
40 0.00609665
41 0.00595154
42 0.00581317
43 0.00568108
44 0.00555487
45 0.00543414
46 0.00531855
47 0.00520777
48 0.00510151
49 0.0049995
50 0.00490149
51 0.00480725
52 0.00471656
53 0.00462923
54 0.00454508
55 0.00446393
56 0.00438563
57 0.00431002
58 0.00423698
59 0.00416638
60 0.00409809
61 0.004032
62 0.003968
63 0.00390601
64 0.00384593
65 0.00378766
66 0.00373114
67 0.00367627
68 0.003623
69 0.00357125
70 0.00352095
71 0.00347205
72 0.0034245
73 0.00337822
74 0.00333319
75 0.00328933
76 0.00324662
77 0.003205
78 0.00316443
79 0.00312488
80 0.0030863
81 0.00304867
82 0.00301194
83 0.00297609
84 0.00294107
85 0.00290688
86 0.00287347
87 0.00284082
88 0.0028089
89 0.00277769
90 0.00274717
91 0.00271731
92 0.00268809
93 0.0026595
94 0.00263151
95 0.0026041
96 0.00257725
97 0.00255095
98 0.00252519
99 0.00249994
100 0.00247519
101 0.00245092
102 0.00242713
103 0.00240379
104 0.0023809
105 0.00235844
106 0.0023364
107 0.00231477
108 0.00229353
109 0.00227268
110 0.00225221
111 0.0022321
112 0.00221235
113 0.00219294
114 0.00217387
115 0.00215513
116 0.00213671
117 0.00211861
118 0.0021008
119 0.0020833
120 0.00206608
121 0.00204915
122 0.00203249
123 0.0020161
124 0.00199997
125 0.0019841
126 0.00196847
127 0.0019531
128 0.00193796
129 0.00192305
130 0.00190837
131 0.00189391
132 0.00187967
133 0.00186565
134 0.00185183
135 0.00183821
136 0.00182479
137 0.00181157
138 0.00179854
139 0.00178569
140 0.00177303
141 0.00176054
142 0.00174823
143 0.00173609
144 0.00172412
145 0.00171231
146 0.00170066
147 0.00168917
148 0.00167783
149 0.00166665
150 0.00165561
151 0.00164472
152 0.00163397
153 0.00162336
154 0.00161289
155 0.00160255
156 0.00159234
157 0.00158226
158 0.00157231
159 0.00156248
160 0.00155278
161 0.0015432
162 0.00153373
163 0.00152438
164 0.00151514
165 0.00150601
166 0.00149699
167 0.00148808
168 0.00147928
169 0.00147058
170 0.00146198
171 0.00145348
172 0.00144507
173 0.00143677
174 0.00142856
175 0.00142044
176 0.00141242
177 0.00140448
178 0.00139664
179 0.00138888
180 0.0013812
181 0.00137362
182 0.00136611
183 0.00135869
184 0.00135134
185 0.00134408
186 0.00133689
187 0.00132978
188 0.00132274
189 0.00131578
190 0.00130889
191 0.00130207
192 0.00129533
193 0.00128865
194 0.00128204
195 0.0012755
196 0.00126903
197 0.00126262
198 0.00125627
199 0.00124999
200 0.00124377
201 0.00123762
202 0.00123152
203 0.00122548
204 0.0012195
205 0.00121359
206 0.00120772
207 0.00120192
208 0.00119617
209 0.00119047
210 0.00118483
211 0.00117924
212 0.0011737
213 0.00116822
214 0.00116278
215 0.0011574
216 0.00115207
217 0.00114678
218 0.00114155
219 0.00113636
220 0.00113122
221 0.00112612
222 0.00112107
223 0.00111607
224 0.00111111
225 0.00110619
226 0.00110132
227 0.00109649
228 0.0010917
229 0.00108695
230 0.00108225
231 0.00107758
232 0.00107296
233 0.00106837
234 0.00106382
235 0.00105932
236 0.00105485
237 0.00105042
238 0.00104602
239 0.00104166
240 0.00103734
241 0.00103305
242 0.0010288
243 0.00102459
244 0.0010204
245 0.00101626
246 0.00101214
247 0.00100806
248 0.00100401
249 0.000999996
250 0.000996012
251 0.00099206
252 0.000988138
253 0.000984248
254 0.000980388
255 0.000976559
256 0.000972759
257 0.000968989
258 0.000965247
259 0.000961535
260 0.000957851
261 0.000954195
262 0.000950567
263 0.000946966
264 0.000943393
265 0.000939846
266 0.000936326
267 0.000932833
268 0.000929365
269 0.000925923
270 0.000922506
271 0.000919115
272 0.000915748
273 0.000912406
274 0.000909088
275 0.000905794
276 0.000902524
277 0.000899278
278 0.000896054
279 0.000892854
280 0.000889677
281 0.000886522
282 0.000883389
283 0.000880279
284 0.00087719
285 0.000874123
286 0.000871077
287 0.000868053
288 0.000865049
289 0.000862066
290 0.000859104
291 0.000856162
292 0.00085324
293 0.000850338
294 0.000847455
295 0.000844592
296 0.000841748
297 0.000838924
298 0.000836118
299 0.000833331
300 0.000830562
301 0.000827812
302 0.00082508
303 0.000822366
304 0.00081967
305 0.000816991
306 0.00081433
307 0.000811686
308 0.000809059
309 0.00080645
310 0.000803856
311 0.00080128
312 0.00079872
313 0.000796176
314 0.000793649
315 0.000791137
316 0.000788642
317 0.000786162
318 0.000783697
319 0.000781248
320 0.000778814
321 0.000776396
322 0.000773992
323 0.000771603
324 0.000769229
325 0.000766869
326 0.000764524
327 0.000762193
328 0.000759877
329 0.000757574
330 0.000755285
331 0.00075301
332 0.000750749
333 0.000748501
334 0.000746267
335 0.000744046
336 0.000741838
337 0.000739643
338 0.000737462
339 0.000735293
340 0.000733136
341 0.000730993
342 0.000728861
343 0.000726743
344 0.000724636
345 0.000722542
346 0.00072046
347 0.000718389
348 0.000716331
349 0.000714284
350 0.000712249
351 0.000710226
352 0.000708214
353 0.000706213
354 0.000704224
355 0.000702246
356 0.000700279
357 0.000698323
358 0.000696377
359 0.000694443
360 0.000692519
361 0.000690606
362 0.000688704
363 0.000686812
364 0.00068493
365 0.000683059
366 0.000681198
367 0.000679347
368 0.000677506
369 0.000675674
370 0.000673853
371 0.000672042
372 0.00067024
373 0.000668448
374 0.000666665
375 0.000664892
376 0.000663129
377 0.000661375
378 0.000659629
379 0.000657894
380 0.000656167
381 0.000654449
382 0.00065274
383 0.000651041
384 0.00064935
385 0.000647667
386 0.000645994
387 0.000644329
388 0.000642672
389 0.000641025
390 0.000639385
391 0.000637754
392 0.000636131
393 0.000634517
394 0.00063291
395 0.000631312
396 0.000629722
397 0.00062814
398 0.000626565
399 0.000624999
400 0.00062344
401 0.00062189
402 0.000620346
403 0.000618811
404 0.000617283
405 0.000615763
406 0.00061425
407 0.000612744
408 0.000611246
409 0.000609755
410 0.000608272
411 0.000606795
412 0.000605326
413 0.000603864
414 0.000602409
415 0.000600961
416 0.00059952
417 0.000598085
418 0.000596658
419 0.000595237
420 0.000593823
421 0.000592416
422 0.000591016
423 0.000589622
424 0.000588234
425 0.000586854
426 0.000585479
427 0.000584111
428 0.00058275
429 0.000581395
430 0.000580046
431 0.000578703
432 0.000577366
433 0.000576036
434 0.000574712
435 0.000573394
436 0.000572082
437 0.000570776
438 0.000569475
439 0.000568181
440 0.000566893
441 0.00056561
442 0.000564333
443 0.000563062
444 0.000561797
445 0.000560537
446 0.000559283
447 0.000558035
448 0.000556792
449 0.000555555
450 0.000554323
451 0.000553097
452 0.000551876
453 0.00055066
454 0.00054945
455 0.000548245
456 0.000547045
457 0.000545851
458 0.000544662
459 0.000543478
460 0.000542299
461 0.000541125
462 0.000539956
463 0.000538792
464 0.000537634
465 0.00053648
466 0.000535331
467 0.000534187
468 0.000533048
469 0.000531914
470 0.000530785
471 0.00052966
472 0.000528541
473 0.000527426
474 0.000526315
475 0.00052521
476 0.000524108
477 0.000523012
478 0.00052192
479 0.000520833
480 0.00051975
481 0.000518672
482 0.000517598
483 0.000516528
484 0.000515463
485 0.000514403
486 0.000513346
487 0.000512295
488 0.000511247
489 0.000510204
490 0.000509164
491 0.00050813
492 0.000507099
493 0.000506072
494 0.00050505
495 0.000504032
496 0.000503018
497 0.000502008
498 0.000501002
499 0.0005
500 0.000499001
501 0.000498007
502 0.000497017
503 0.000496031
504 0.000495049
505 0.000494071
506 0.000493096
507 0.000492126
508 0.000491159
509 0.000490196
510 0.000489236
511 0.000488281
512 0.000487329
513 0.000486381
514 0.000485436
515 0.000484496
516 0.000483559
517 0.000482625
518 0.000481695
519 0.000480769
520 0.000479846
521 0.000478927
522 0.000478011
523 0.000477099
524 0.00047619
525 0.000475285
526 0.000474383
527 0.000473484
528 0.000472589
529 0.000471698
530 0.000470809
531 0.000469924
532 0.000469043
533 0.000468164
534 0.000467289
535 0.000466418
536 0.000465549
537 0.000464684
538 0.000463821
539 0.000462963
540 0.000462107
541 0.000461254
542 0.000460405
543 0.000459558
544 0.000458715
545 0.000457875
546 0.000457038
547 0.000456204
548 0.000455373
549 0.000454545
550 0.00045372
551 0.000452898
552 0.000452079
553 0.000451263
554 0.00045045
555 0.00044964
556 0.000448833
557 0.000448028
558 0.000447227
559 0.000446428
560 0.000445632
561 0.00044484
562 0.000444049
563 0.000443262
564 0.000442478
565 0.000441696
566 0.000440917
567 0.000440141
568 0.000439367
569 0.000438596
570 0.000437828
571 0.000437063
572 0.0004363
573 0.00043554
574 0.000434782
575 0.000434027
576 0.000433275
577 0.000432526
578 0.000431779
579 0.000431034
580 0.000430292
581 0.000429553
582 0.000428816
583 0.000428082
584 0.00042735
585 0.000426621
586 0.000425894
587 0.00042517
588 0.000424448
589 0.000423729
590 0.000423012
591 0.000422297
592 0.000421585
593 0.000420875
594 0.000420168
595 0.000419463
596 0.00041876
597 0.00041806
598 0.000417362
599 0.000416666
600 0.000415973
601 0.000415282
602 0.000414593
603 0.000413907
604 0.000413223
605 0.000412541
606 0.000411861
607 0.000411184
608 0.000410509
609 0.000409836
610 0.000409165
611 0.000408496
612 0.00040783
613 0.000407166
614 0.000406504
615 0.000405844
616 0.000405186
617 0.00040453
618 0.000403877
619 0.000403226
620 0.000402576
621 0.000401929
622 0.000401284
623 0.000400641
624 0.0004
625 0.000399361
626 0.000398724
627 0.000398089
628 0.000397456
629 0.000396825
630 0.000396196
631 0.000395569
632 0.000394944
633 0.000394322
634 0.000393701
635 0.000393082
636 0.000392464
637 0.000391849
638 0.000391236
639 0.000390625
640 0.000390015
641 0.000389408
642 0.000388802
643 0.000388199
644 0.000387597
645 0.000386997
646 0.000386399
647 0.000385802
648 0.000385208
649 0.000384615
650 0.000384024
651 0.000383435
652 0.000382848
653 0.000382263
654 0.000381679
655 0.000381097
656 0.000380517
657 0.000379939
658 0.000379362
659 0.000378788
660 0.000378215
661 0.000377643
662 0.000377074
663 0.000376506
664 0.00037594
665 0.000375375
666 0.000374812
667 0.000374251
668 0.000373692
669 0.000373134
670 0.000372578
671 0.000372024
672 0.000371471
673 0.00037092
674 0.00037037
675 0.000369822
676 0.000369276
677 0.000368731
678 0.000368188
679 0.000367647
680 0.000367107
681 0.000366569
682 0.000366032
683 0.000365497
684 0.000364963
685 0.000364431
686 0.000363901
687 0.000363372
688 0.000362845
689 0.000362319
690 0.000361794
691 0.000361271
692 0.00036075
693 0.00036023
694 0.000359712
695 0.000359195
696 0.00035868
697 0.000358166
698 0.000357654
699 0.000357143
700 0.000356633
701 0.000356125
702 0.000355619
703 0.000355113
704 0.00035461
705 0.000354107
706 0.000353607
707 0.000353107
708 0.000352609
709 0.000352113
710 0.000351617
711 0.000351123
712 0.000350631
713 0.00035014
714 0.00034965
715 0.000349162
716 0.000348675
717 0.000348189
718 0.000347705
719 0.000347222
720 0.00034674
721 0.00034626
722 0.000345781
723 0.000345304
724 0.000344827
725 0.000344352
726 0.000343879
727 0.000343406
728 0.000342935
729 0.000342466
730 0.000341997
731 0.00034153
732 0.000341064
733 0.000340599
734 0.000340136
735 0.000339674
736 0.000339213
737 0.000338753
738 0.000338295
739 0.000337838
740 0.000337382
741 0.000336927
742 0.000336474
743 0.000336021
744 0.00033557
745 0.00033512
746 0.000334672
747 0.000334224
748 0.000333778
749 0.000333333
750 0.000332889
751 0.000332447
752 0.000332005
753 0.000331565
754 0.000331126
755 0.000330688
756 0.000330251
757 0.000329815
758 0.000329381
759 0.000328947
760 0.000328515
761 0.000328084
762 0.000327654
763 0.000327225
764 0.000326797
765 0.000326371
766 0.000325945
767 0.000325521
768 0.000325097
769 0.000324675
770 0.000324254
771 0.000323834
772 0.000323415
773 0.000322997
774 0.000322581
775 0.000322165
776 0.00032175
777 0.000321337
778 0.000320924
779 0.000320513
780 0.000320102
781 0.000319693
782 0.000319285
783 0.000318877
784 0.000318471
785 0.000318066
786 0.000317662
787 0.000317259
788 0.000316857
789 0.000316456
790 0.000316055
791 0.000315656
792 0.000315258
793 0.000314861
794 0.000314465
795 0.00031407
796 0.000313676
797 0.000313283
798 0.000312891
799 0.0003125
800 0.00031211
801 0.000311721
802 0.000311332
803 0.000310945
804 0.000310559
805 0.000310174
806 0.000309789
807 0.000309406
808 0.000309023
809 0.000308642
810 0.000308261
811 0.000307882
812 0.000307503
813 0.000307125
814 0.000306748
815 0.000306372
816 0.000305997
817 0.000305623
818 0.00030525
819 0.000304878
820 0.000304507
821 0.000304136
822 0.000303767
823 0.000303398
824 0.00030303
825 0.000302663
826 0.000302297
827 0.000301932
828 0.000301568
829 0.000301205
830 0.000300842
831 0.000300481
832 0.00030012
833 0.00029976
834 0.000299401
835 0.000299043
836 0.000298686
837 0.000298329
838 0.000297974
839 0.000297619
840 0.000297265
841 0.000296912
842 0.00029656
843 0.000296208
844 0.000295858
845 0.000295508
846 0.000295159
847 0.000294811
848 0.000294464
849 0.000294118
850 0.000293772
851 0.000293427
852 0.000293083
853 0.00029274
854 0.000292398
855 0.000292056
856 0.000291715
857 0.000291375
858 0.000291036
859 0.000290698
860 0.00029036
861 0.000290023
862 0.000289687
863 0.000289352
864 0.000289017
865 0.000288684
866 0.000288351
867 0.000288018
868 0.000287687
869 0.000287356
870 0.000287026
871 0.000286697
872 0.000286369
873 0.000286041
874 0.000285714
875 0.000285388
876 0.000285063
877 0.000284738
878 0.000284414
879 0.000284091
880 0.000283768
881 0.000283447
882 0.000283126
883 0.000282805
884 0.000282486
885 0.000282167
886 0.000281849
887 0.000281531
888 0.000281215
889 0.000280899
890 0.000280584
891 0.000280269
892 0.000279955
893 0.000279642
894 0.00027933
895 0.000279018
896 0.000278707
897 0.000278396
898 0.000278087
899 0.000277778
900 0.000277469
901 0.000277162
902 0.000276855
903 0.000276549
904 0.000276243
905 0.000275938
906 0.000275634
907 0.00027533
908 0.000275027
909 0.000274725
910 0.000274424
911 0.000274123
912 0.000273822
913 0.000273523
914 0.000273224
915 0.000272926
916 0.000272628
917 0.000272331
918 0.000272035
919 0.000271739
920 0.000271444
921 0.00027115
922 0.000270856
923 0.000270563
924 0.00027027
925 0.000269978
926 0.000269687
927 0.000269396
928 0.000269106
929 0.000268817
930 0.000268528
931 0.00026824
932 0.000267953
933 0.000267666
934 0.00026738
935 0.000267094
936 0.000266809
937 0.000266524
938 0.000266241
939 0.000265957
940 0.000265675
941 0.000265393
942 0.000265111
943 0.00026483
944 0.00026455
945 0.000264271
946 0.000263991
947 0.000263713
948 0.000263435
949 0.000263158
950 0.000262881
951 0.000262605
952 0.000262329
953 0.000262054
954 0.00026178
955 0.000261506
956 0.000261233
957 0.00026096
958 0.000260688
959 0.000260417
960 0.000260146
961 0.000259875
962 0.000259605
963 0.000259336
964 0.000259067
965 0.000258799
966 0.000258531
967 0.000258264
968 0.000257998
969 0.000257732
970 0.000257466
971 0.000257202
972 0.000256937
973 0.000256673
974 0.00025641
975 0.000256147
976 0.000255885
977 0.000255624
978 0.000255363
979 0.000255102
980 0.000254842
981 0.000254582
982 0.000254323
983 0.000254065
984 0.000253807
985 0.00025355
986 0.000253293
987 0.000253036
988 0.000252781
989 0.000252525
990 0.00025227
991 0.000252016
992 0.000251762
993 0.000251509
994 0.000251256
995 0.000251004
996 0.000250752
997 0.000250501
998 0.00025025
999 0.00025
1000 0.00024975
